(kicad_pcb (version 20171130) (host pcbnew "(5.0.1)-rc2")

  (general
    (thickness 1.6)
    (drawings 29)
    (tracks 358)
    (zones 0)
    (modules 53)
    (nets 67)
  )

  (page A4)
  (layers
    (0 F.Cu signal)
    (31 B.Cu signal)
    (32 B.Adhes user)
    (33 F.Adhes user)
    (34 B.Paste user)
    (35 F.Paste user)
    (36 B.SilkS user)
    (37 F.SilkS user)
    (38 B.Mask user)
    (39 F.Mask user)
    (40 Dwgs.User user)
    (41 Cmts.User user)
    (42 Eco1.User user)
    (43 Eco2.User user)
    (44 Edge.Cuts user)
    (45 Margin user)
    (46 B.CrtYd user)
    (47 F.CrtYd user)
    (48 B.Fab user)
    (49 F.Fab user)
  )

  (setup
    (last_trace_width 0.25)
    (user_trace_width 0.01)
    (user_trace_width 0.02)
    (user_trace_width 0.05)
    (user_trace_width 0.1)
    (user_trace_width 0.2)
    (user_trace_width 0.6)
    (trace_clearance 0.2)
    (zone_clearance 0.508)
    (zone_45_only no)
    (trace_min 0.01)
    (segment_width 0.2)
    (edge_width 0.1)
    (via_size 0.6)
    (via_drill 0.4)
    (via_min_size 0.4)
    (via_min_drill 0.3)
    (uvia_size 0.3)
    (uvia_drill 0.1)
    (uvias_allowed no)
    (uvia_min_size 0.2)
    (uvia_min_drill 0.1)
    (pcb_text_width 0.3)
    (pcb_text_size 1.5 1.5)
    (mod_edge_width 0.15)
    (mod_text_size 1 1)
    (mod_text_width 0.15)
    (pad_size 2.75 2.75)
    (pad_drill 2.75)
    (pad_to_mask_clearance 0)
    (solder_mask_min_width 0.25)
    (aux_axis_origin 0 0)
    (visible_elements 7FFEFFFF)
    (pcbplotparams
      (layerselection 0x00030_80000001)
      (usegerberextensions false)
      (usegerberattributes false)
      (usegerberadvancedattributes false)
      (creategerberjobfile false)
      (excludeedgelayer true)
      (linewidth 0.100000)
      (plotframeref false)
      (viasonmask false)
      (mode 1)
      (useauxorigin false)
      (hpglpennumber 1)
      (hpglpenspeed 20)
      (hpglpendiameter 15.000000)
      (psnegative false)
      (psa4output false)
      (plotreference true)
      (plotvalue true)
      (plotinvisibletext false)
      (padsonsilk false)
      (subtractmaskfromsilk false)
      (outputformat 1)
      (mirror false)
      (drillshape 0)
      (scaleselection 1)
      (outputdirectory "meta/"))
  )

  (net 0 "")
  (net 1 "Net-(J2-Pad11)")
  (net 2 "Net-(J2-Pad15)")
  (net 3 "Net-(J2-Pad16)")
  (net 4 "Net-(J2-Pad29)")
  (net 5 "Net-(J2-Pad31)")
  (net 6 "Net-(J2-Pad37)")
  (net 7 "Net-(C1-Pad1)")
  (net 8 GND)
  (net 9 "Net-(C2-Pad1)")
  (net 10 "Net-(C3-Pad1)")
  (net 11 "Net-(C4-Pad1)")
  (net 12 "Net-(C5-Pad1)")
  (net 13 "Net-(C6-Pad1)")
  (net 14 "Net-(D1-Pad1)")
  (net 15 "Net-(D2-Pad1)")
  (net 16 "Net-(D3-Pad1)")
  (net 17 "Net-(D4-Pad1)")
  (net 18 "Net-(D5-Pad1)")
  (net 19 "Net-(D6-Pad1)")
  (net 20 +3.3V)
  (net 21 "Net-(R1-Pad1)")
  (net 22 "Net-(R2-Pad1)")
  (net 23 "Net-(R3-Pad1)")
  (net 24 "Net-(R10-Pad2)")
  (net 25 "Net-(R11-Pad2)")
  (net 26 "Net-(R12-Pad2)")
  (net 27 IDSDA)
  (net 28 IDSCL)
  (net 29 "Net-(K1-Pad2)")
  (net 30 "Net-(K1-Pad3)")
  (net 31 "Net-(D7-Pad1)")
  (net 32 "Net-(P1-Pad1)")
  (net 33 "Net-(P1-Pad3)")
  (net 34 "Net-(P1-Pad5)")
  (net 35 "Net-(P1-Pad7)")
  (net 36 "Net-(P1-Pad9)")
  (net 37 "Net-(P1-Pad11)")
  (net 38 "Net-(J2-Pad3)")
  (net 39 "Net-(J2-Pad5)")
  (net 40 "Net-(J2-Pad7)")
  (net 41 "Net-(J2-Pad8)")
  (net 42 "Net-(J2-Pad10)")
  (net 43 "Net-(J2-Pad12)")
  (net 44 "Net-(J2-Pad13)")
  (net 45 "Net-(J2-Pad17)")
  (net 46 "Net-(J2-Pad18)")
  (net 47 "Net-(J2-Pad19)")
  (net 48 "Net-(J2-Pad21)")
  (net 49 "Net-(J2-Pad22)")
  (net 50 "Net-(J2-Pad23)")
  (net 51 "Net-(J2-Pad24)")
  (net 52 "Net-(J2-Pad25)")
  (net 53 "Net-(J2-Pad26)")
  (net 54 "Net-(J2-Pad32)")
  (net 55 "Net-(J2-Pad33)")
  (net 56 "Net-(J2-Pad35)")
  (net 57 "Net-(J2-Pad36)")
  (net 58 "Net-(J2-Pad38)")
  (net 59 "Net-(J2-Pad40)")
  (net 60 +5V)
  (net 61 "Net-(R27-Pad1)")
  (net 62 "Net-(R26-Pad1)")
  (net 63 "Net-(R25-Pad1)")
  (net 64 "Net-(R24-Pad1)")
  (net 65 "Net-(R23-Pad1)")
  (net 66 "Net-(R22-Pad1)")

  (net_class Default "This is the default net class."
    (clearance 0.2)
    (trace_width 0.25)
    (via_dia 0.6)
    (via_drill 0.4)
    (uvia_dia 0.3)
    (uvia_drill 0.1)
    (add_net +3.3V)
    (add_net +5V)
    (add_net GND)
    (add_net IDSCL)
    (add_net IDSDA)
    (add_net "Net-(C1-Pad1)")
    (add_net "Net-(C2-Pad1)")
    (add_net "Net-(C3-Pad1)")
    (add_net "Net-(C4-Pad1)")
    (add_net "Net-(C5-Pad1)")
    (add_net "Net-(C6-Pad1)")
    (add_net "Net-(D1-Pad1)")
    (add_net "Net-(D2-Pad1)")
    (add_net "Net-(D3-Pad1)")
    (add_net "Net-(D4-Pad1)")
    (add_net "Net-(D5-Pad1)")
    (add_net "Net-(D6-Pad1)")
    (add_net "Net-(D7-Pad1)")
    (add_net "Net-(J2-Pad10)")
    (add_net "Net-(J2-Pad11)")
    (add_net "Net-(J2-Pad12)")
    (add_net "Net-(J2-Pad13)")
    (add_net "Net-(J2-Pad15)")
    (add_net "Net-(J2-Pad16)")
    (add_net "Net-(J2-Pad17)")
    (add_net "Net-(J2-Pad18)")
    (add_net "Net-(J2-Pad19)")
    (add_net "Net-(J2-Pad21)")
    (add_net "Net-(J2-Pad22)")
    (add_net "Net-(J2-Pad23)")
    (add_net "Net-(J2-Pad24)")
    (add_net "Net-(J2-Pad25)")
    (add_net "Net-(J2-Pad26)")
    (add_net "Net-(J2-Pad29)")
    (add_net "Net-(J2-Pad3)")
    (add_net "Net-(J2-Pad31)")
    (add_net "Net-(J2-Pad32)")
    (add_net "Net-(J2-Pad33)")
    (add_net "Net-(J2-Pad35)")
    (add_net "Net-(J2-Pad36)")
    (add_net "Net-(J2-Pad37)")
    (add_net "Net-(J2-Pad38)")
    (add_net "Net-(J2-Pad40)")
    (add_net "Net-(J2-Pad5)")
    (add_net "Net-(J2-Pad7)")
    (add_net "Net-(J2-Pad8)")
    (add_net "Net-(K1-Pad2)")
    (add_net "Net-(K1-Pad3)")
    (add_net "Net-(P1-Pad1)")
    (add_net "Net-(P1-Pad11)")
    (add_net "Net-(P1-Pad3)")
    (add_net "Net-(P1-Pad5)")
    (add_net "Net-(P1-Pad7)")
    (add_net "Net-(P1-Pad9)")
    (add_net "Net-(R1-Pad1)")
    (add_net "Net-(R10-Pad2)")
    (add_net "Net-(R11-Pad2)")
    (add_net "Net-(R12-Pad2)")
    (add_net "Net-(R2-Pad1)")
    (add_net "Net-(R22-Pad1)")
    (add_net "Net-(R23-Pad1)")
    (add_net "Net-(R24-Pad1)")
    (add_net "Net-(R25-Pad1)")
    (add_net "Net-(R26-Pad1)")
    (add_net "Net-(R27-Pad1)")
    (add_net "Net-(R3-Pad1)")
  )

  (net_class Power5V ""
    (clearance 0.2)
    (trace_width 0.6)
    (via_dia 0.6)
    (via_drill 0.4)
    (uvia_dia 0.3)
    (uvia_drill 0.1)
  )

  (module Package_DIP:DIP-8_W7.62mm (layer F.Cu) (tedit 5A02E8C5) (tstamp 5C0D4242)
    (at 148.00072 96.44888 180)
    (descr "8-lead though-hole mounted DIP package, row spacing 7.62 mm (300 mils)")
    (tags "THT DIP DIL PDIP 2.54mm 7.62mm 300mil")
    (path /5BFEDD70)
    (fp_text reference U3 (at 3.81 -2.33 180) (layer F.SilkS)
      (effects (font (size 1 1) (thickness 0.15)))
    )
    (fp_text value LTV-824 (at 3.81 9.95 180) (layer F.Fab)
      (effects (font (size 1 1) (thickness 0.15)))
    )
    (fp_arc (start 3.81 -1.33) (end 2.81 -1.33) (angle -180) (layer F.SilkS) (width 0.12))
    (fp_line (start 1.635 -1.27) (end 6.985 -1.27) (layer F.Fab) (width 0.1))
    (fp_line (start 6.985 -1.27) (end 6.985 8.89) (layer F.Fab) (width 0.1))
    (fp_line (start 6.985 8.89) (end 0.635 8.89) (layer F.Fab) (width 0.1))
    (fp_line (start 0.635 8.89) (end 0.635 -0.27) (layer F.Fab) (width 0.1))
    (fp_line (start 0.635 -0.27) (end 1.635 -1.27) (layer F.Fab) (width 0.1))
    (fp_line (start 2.81 -1.33) (end 1.16 -1.33) (layer F.SilkS) (width 0.12))
    (fp_line (start 1.16 -1.33) (end 1.16 8.95) (layer F.SilkS) (width 0.12))
    (fp_line (start 1.16 8.95) (end 6.46 8.95) (layer F.SilkS) (width 0.12))
    (fp_line (start 6.46 8.95) (end 6.46 -1.33) (layer F.SilkS) (width 0.12))
    (fp_line (start 6.46 -1.33) (end 4.81 -1.33) (layer F.SilkS) (width 0.12))
    (fp_line (start -1.1 -1.55) (end -1.1 9.15) (layer F.CrtYd) (width 0.05))
    (fp_line (start -1.1 9.15) (end 8.7 9.15) (layer F.CrtYd) (width 0.05))
    (fp_line (start 8.7 9.15) (end 8.7 -1.55) (layer F.CrtYd) (width 0.05))
    (fp_line (start 8.7 -1.55) (end -1.1 -1.55) (layer F.CrtYd) (width 0.05))
    (fp_text user %R (at 3.81 3.81 180) (layer F.Fab)
      (effects (font (size 1 1) (thickness 0.15)))
    )
    (pad 1 thru_hole rect (at 0 0 180) (size 1.6 1.6) (drill 0.8) (layers *.Cu *.Mask)
      (net 65 "Net-(R23-Pad1)"))
    (pad 5 thru_hole oval (at 7.62 7.62 180) (size 1.6 1.6) (drill 0.8) (layers *.Cu *.Mask)
      (net 8 GND))
    (pad 2 thru_hole oval (at 0 2.54 180) (size 1.6 1.6) (drill 0.8) (layers *.Cu *.Mask)
      (net 8 GND))
    (pad 6 thru_hole oval (at 7.62 5.08 180) (size 1.6 1.6) (drill 0.8) (layers *.Cu *.Mask)
      (net 14 "Net-(D1-Pad1)"))
    (pad 3 thru_hole oval (at 0 5.08 180) (size 1.6 1.6) (drill 0.8) (layers *.Cu *.Mask)
      (net 66 "Net-(R22-Pad1)"))
    (pad 7 thru_hole oval (at 7.62 2.54 180) (size 1.6 1.6) (drill 0.8) (layers *.Cu *.Mask)
      (net 8 GND))
    (pad 4 thru_hole oval (at 0 7.62 180) (size 1.6 1.6) (drill 0.8) (layers *.Cu *.Mask)
      (net 8 GND))
    (pad 8 thru_hole oval (at 7.62 0 180) (size 1.6 1.6) (drill 0.8) (layers *.Cu *.Mask)
      (net 15 "Net-(D2-Pad1)"))
    (model ${KISYS3DMOD}/Package_DIP.3dshapes/DIP-8_W7.62mm.wrl
      (at (xyz 0 0 0))
      (scale (xyz 1 1 1))
      (rotate (xyz 0 0 0))
    )
  )

  (module Package_DIP:DIP-8_W7.62mm (layer F.Cu) (tedit 5A02E8C5) (tstamp 5C0D4227)
    (at 148.04136 118.57228 180)
    (descr "8-lead though-hole mounted DIP package, row spacing 7.62 mm (300 mils)")
    (tags "THT DIP DIL PDIP 2.54mm 7.62mm 300mil")
    (path /5C03EE3C)
    (fp_text reference U5 (at 3.81 -2.33 180) (layer F.SilkS)
      (effects (font (size 1 1) (thickness 0.15)))
    )
    (fp_text value LTV-824 (at 3.81 9.95 180) (layer F.Fab)
      (effects (font (size 1 1) (thickness 0.15)))
    )
    (fp_text user %R (at 3.81 3.81 180) (layer F.Fab)
      (effects (font (size 1 1) (thickness 0.15)))
    )
    (fp_line (start 8.7 -1.55) (end -1.1 -1.55) (layer F.CrtYd) (width 0.05))
    (fp_line (start 8.7 9.15) (end 8.7 -1.55) (layer F.CrtYd) (width 0.05))
    (fp_line (start -1.1 9.15) (end 8.7 9.15) (layer F.CrtYd) (width 0.05))
    (fp_line (start -1.1 -1.55) (end -1.1 9.15) (layer F.CrtYd) (width 0.05))
    (fp_line (start 6.46 -1.33) (end 4.81 -1.33) (layer F.SilkS) (width 0.12))
    (fp_line (start 6.46 8.95) (end 6.46 -1.33) (layer F.SilkS) (width 0.12))
    (fp_line (start 1.16 8.95) (end 6.46 8.95) (layer F.SilkS) (width 0.12))
    (fp_line (start 1.16 -1.33) (end 1.16 8.95) (layer F.SilkS) (width 0.12))
    (fp_line (start 2.81 -1.33) (end 1.16 -1.33) (layer F.SilkS) (width 0.12))
    (fp_line (start 0.635 -0.27) (end 1.635 -1.27) (layer F.Fab) (width 0.1))
    (fp_line (start 0.635 8.89) (end 0.635 -0.27) (layer F.Fab) (width 0.1))
    (fp_line (start 6.985 8.89) (end 0.635 8.89) (layer F.Fab) (width 0.1))
    (fp_line (start 6.985 -1.27) (end 6.985 8.89) (layer F.Fab) (width 0.1))
    (fp_line (start 1.635 -1.27) (end 6.985 -1.27) (layer F.Fab) (width 0.1))
    (fp_arc (start 3.81 -1.33) (end 2.81 -1.33) (angle -180) (layer F.SilkS) (width 0.12))
    (pad 8 thru_hole oval (at 7.62 0 180) (size 1.6 1.6) (drill 0.8) (layers *.Cu *.Mask)
      (net 19 "Net-(D6-Pad1)"))
    (pad 4 thru_hole oval (at 0 7.62 180) (size 1.6 1.6) (drill 0.8) (layers *.Cu *.Mask)
      (net 8 GND))
    (pad 7 thru_hole oval (at 7.62 2.54 180) (size 1.6 1.6) (drill 0.8) (layers *.Cu *.Mask)
      (net 8 GND))
    (pad 3 thru_hole oval (at 0 5.08 180) (size 1.6 1.6) (drill 0.8) (layers *.Cu *.Mask)
      (net 62 "Net-(R26-Pad1)"))
    (pad 6 thru_hole oval (at 7.62 5.08 180) (size 1.6 1.6) (drill 0.8) (layers *.Cu *.Mask)
      (net 18 "Net-(D5-Pad1)"))
    (pad 2 thru_hole oval (at 0 2.54 180) (size 1.6 1.6) (drill 0.8) (layers *.Cu *.Mask)
      (net 8 GND))
    (pad 5 thru_hole oval (at 7.62 7.62 180) (size 1.6 1.6) (drill 0.8) (layers *.Cu *.Mask)
      (net 8 GND))
    (pad 1 thru_hole rect (at 0 0 180) (size 1.6 1.6) (drill 0.8) (layers *.Cu *.Mask)
      (net 61 "Net-(R27-Pad1)"))
    (model ${KISYS3DMOD}/Package_DIP.3dshapes/DIP-8_W7.62mm.wrl
      (at (xyz 0 0 0))
      (scale (xyz 1 1 1))
      (rotate (xyz 0 0 0))
    )
  )

  (module Package_DIP:DIP-8_W7.62mm (layer F.Cu) (tedit 5A02E8C5) (tstamp 5C0D420C)
    (at 148.00072 107.53852 180)
    (descr "8-lead though-hole mounted DIP package, row spacing 7.62 mm (300 mils)")
    (tags "THT DIP DIL PDIP 2.54mm 7.62mm 300mil")
    (path /5C03EDB8)
    (fp_text reference U4 (at 3.81 -2.33 180) (layer F.SilkS)
      (effects (font (size 1 1) (thickness 0.15)))
    )
    (fp_text value LTV-824 (at 3.81 9.95 180) (layer F.Fab)
      (effects (font (size 1 1) (thickness 0.15)))
    )
    (fp_arc (start 3.81 -1.33) (end 2.81 -1.33) (angle -180) (layer F.SilkS) (width 0.12))
    (fp_line (start 1.635 -1.27) (end 6.985 -1.27) (layer F.Fab) (width 0.1))
    (fp_line (start 6.985 -1.27) (end 6.985 8.89) (layer F.Fab) (width 0.1))
    (fp_line (start 6.985 8.89) (end 0.635 8.89) (layer F.Fab) (width 0.1))
    (fp_line (start 0.635 8.89) (end 0.635 -0.27) (layer F.Fab) (width 0.1))
    (fp_line (start 0.635 -0.27) (end 1.635 -1.27) (layer F.Fab) (width 0.1))
    (fp_line (start 2.81 -1.33) (end 1.16 -1.33) (layer F.SilkS) (width 0.12))
    (fp_line (start 1.16 -1.33) (end 1.16 8.95) (layer F.SilkS) (width 0.12))
    (fp_line (start 1.16 8.95) (end 6.46 8.95) (layer F.SilkS) (width 0.12))
    (fp_line (start 6.46 8.95) (end 6.46 -1.33) (layer F.SilkS) (width 0.12))
    (fp_line (start 6.46 -1.33) (end 4.81 -1.33) (layer F.SilkS) (width 0.12))
    (fp_line (start -1.1 -1.55) (end -1.1 9.15) (layer F.CrtYd) (width 0.05))
    (fp_line (start -1.1 9.15) (end 8.7 9.15) (layer F.CrtYd) (width 0.05))
    (fp_line (start 8.7 9.15) (end 8.7 -1.55) (layer F.CrtYd) (width 0.05))
    (fp_line (start 8.7 -1.55) (end -1.1 -1.55) (layer F.CrtYd) (width 0.05))
    (fp_text user %R (at 3.81 3.81 180) (layer F.Fab)
      (effects (font (size 1 1) (thickness 0.15)))
    )
    (pad 1 thru_hole rect (at 0 0 180) (size 1.6 1.6) (drill 0.8) (layers *.Cu *.Mask)
      (net 63 "Net-(R25-Pad1)"))
    (pad 5 thru_hole oval (at 7.62 7.62 180) (size 1.6 1.6) (drill 0.8) (layers *.Cu *.Mask)
      (net 8 GND))
    (pad 2 thru_hole oval (at 0 2.54 180) (size 1.6 1.6) (drill 0.8) (layers *.Cu *.Mask)
      (net 8 GND))
    (pad 6 thru_hole oval (at 7.62 5.08 180) (size 1.6 1.6) (drill 0.8) (layers *.Cu *.Mask)
      (net 16 "Net-(D3-Pad1)"))
    (pad 3 thru_hole oval (at 0 5.08 180) (size 1.6 1.6) (drill 0.8) (layers *.Cu *.Mask)
      (net 64 "Net-(R24-Pad1)"))
    (pad 7 thru_hole oval (at 7.62 2.54 180) (size 1.6 1.6) (drill 0.8) (layers *.Cu *.Mask)
      (net 8 GND))
    (pad 4 thru_hole oval (at 0 7.62 180) (size 1.6 1.6) (drill 0.8) (layers *.Cu *.Mask)
      (net 8 GND))
    (pad 8 thru_hole oval (at 7.62 0 180) (size 1.6 1.6) (drill 0.8) (layers *.Cu *.Mask)
      (net 17 "Net-(D4-Pad1)"))
    (model ${KISYS3DMOD}/Package_DIP.3dshapes/DIP-8_W7.62mm.wrl
      (at (xyz 0 0 0))
      (scale (xyz 1 1 1))
      (rotate (xyz 0 0 0))
    )
  )

  (module Package_SO:SOIC-14_3.9x8.7mm_P1.27mm (layer F.Cu) (tedit 5A02F2D3) (tstamp 5C0D2B6C)
    (at 125.58268 83.947 90)
    (descr "14-Lead Plastic Small Outline (SL) - Narrow, 3.90 mm Body [SOIC] (see Microchip Packaging Specification 00000049BS.pdf)")
    (tags "SOIC 1.27")
    (path /5AA98E4C)
    (attr smd)
    (fp_text reference U1 (at 0 -5.375 90) (layer F.SilkS)
      (effects (font (size 1 1) (thickness 0.15)))
    )
    (fp_text value 40106 (at 0 5.375 90) (layer F.Fab)
      (effects (font (size 1 1) (thickness 0.15)))
    )
    (fp_text user %R (at 0 0 90) (layer F.Fab)
      (effects (font (size 0.9 0.9) (thickness 0.135)))
    )
    (fp_line (start -0.95 -4.35) (end 1.95 -4.35) (layer F.Fab) (width 0.15))
    (fp_line (start 1.95 -4.35) (end 1.95 4.35) (layer F.Fab) (width 0.15))
    (fp_line (start 1.95 4.35) (end -1.95 4.35) (layer F.Fab) (width 0.15))
    (fp_line (start -1.95 4.35) (end -1.95 -3.35) (layer F.Fab) (width 0.15))
    (fp_line (start -1.95 -3.35) (end -0.95 -4.35) (layer F.Fab) (width 0.15))
    (fp_line (start -3.7 -4.65) (end -3.7 4.65) (layer F.CrtYd) (width 0.05))
    (fp_line (start 3.7 -4.65) (end 3.7 4.65) (layer F.CrtYd) (width 0.05))
    (fp_line (start -3.7 -4.65) (end 3.7 -4.65) (layer F.CrtYd) (width 0.05))
    (fp_line (start -3.7 4.65) (end 3.7 4.65) (layer F.CrtYd) (width 0.05))
    (fp_line (start -2.075 -4.45) (end -2.075 -4.425) (layer F.SilkS) (width 0.15))
    (fp_line (start 2.075 -4.45) (end 2.075 -4.335) (layer F.SilkS) (width 0.15))
    (fp_line (start 2.075 4.45) (end 2.075 4.335) (layer F.SilkS) (width 0.15))
    (fp_line (start -2.075 4.45) (end -2.075 4.335) (layer F.SilkS) (width 0.15))
    (fp_line (start -2.075 -4.45) (end 2.075 -4.45) (layer F.SilkS) (width 0.15))
    (fp_line (start -2.075 4.45) (end 2.075 4.45) (layer F.SilkS) (width 0.15))
    (fp_line (start -2.075 -4.425) (end -3.45 -4.425) (layer F.SilkS) (width 0.15))
    (pad 1 smd rect (at -2.7 -3.81 90) (size 1.5 0.6) (layers F.Cu F.Paste F.Mask)
      (net 7 "Net-(C1-Pad1)"))
    (pad 2 smd rect (at -2.7 -2.54 90) (size 1.5 0.6) (layers F.Cu F.Paste F.Mask)
      (net 1 "Net-(J2-Pad11)"))
    (pad 3 smd rect (at -2.7 -1.27 90) (size 1.5 0.6) (layers F.Cu F.Paste F.Mask)
      (net 9 "Net-(C2-Pad1)"))
    (pad 4 smd rect (at -2.7 0 90) (size 1.5 0.6) (layers F.Cu F.Paste F.Mask)
      (net 2 "Net-(J2-Pad15)"))
    (pad 5 smd rect (at -2.7 1.27 90) (size 1.5 0.6) (layers F.Cu F.Paste F.Mask)
      (net 10 "Net-(C3-Pad1)"))
    (pad 6 smd rect (at -2.7 2.54 90) (size 1.5 0.6) (layers F.Cu F.Paste F.Mask)
      (net 4 "Net-(J2-Pad29)"))
    (pad 7 smd rect (at -2.7 3.81 90) (size 1.5 0.6) (layers F.Cu F.Paste F.Mask)
      (net 8 GND))
    (pad 8 smd rect (at 2.7 3.81 90) (size 1.5 0.6) (layers F.Cu F.Paste F.Mask)
      (net 5 "Net-(J2-Pad31)"))
    (pad 9 smd rect (at 2.7 2.54 90) (size 1.5 0.6) (layers F.Cu F.Paste F.Mask)
      (net 11 "Net-(C4-Pad1)"))
    (pad 10 smd rect (at 2.7 1.27 90) (size 1.5 0.6) (layers F.Cu F.Paste F.Mask)
      (net 6 "Net-(J2-Pad37)"))
    (pad 11 smd rect (at 2.7 0 90) (size 1.5 0.6) (layers F.Cu F.Paste F.Mask)
      (net 12 "Net-(C5-Pad1)"))
    (pad 12 smd rect (at 2.7 -1.27 90) (size 1.5 0.6) (layers F.Cu F.Paste F.Mask)
      (net 3 "Net-(J2-Pad16)"))
    (pad 13 smd rect (at 2.7 -2.54 90) (size 1.5 0.6) (layers F.Cu F.Paste F.Mask)
      (net 13 "Net-(C6-Pad1)"))
    (pad 14 smd rect (at 2.7 -3.81 90) (size 1.5 0.6) (layers F.Cu F.Paste F.Mask)
      (net 20 +3.3V))
    (model ${KISYS3DMOD}/Package_SO.3dshapes/SOIC-14_3.9x8.7mm_P1.27mm.wrl
      (at (xyz 0 0 0))
      (scale (xyz 1 1 1))
      (rotate (xyz 0 0 0))
    )
  )

  (module Package_SO:SOIC-8_3.9x4.9mm_P1.27mm (layer F.Cu) (tedit 5A02F2D3) (tstamp 5C0D9A3F)
    (at 138.45032 84.08924)
    (descr "8-Lead Plastic Small Outline (SN) - Narrow, 3.90 mm Body [SOIC] (see Microchip Packaging Specification 00000049BS.pdf)")
    (tags "SOIC 1.27")
    (path /5AAC12F2)
    (attr smd)
    (fp_text reference U2 (at -0.09652 -3.429) (layer F.SilkS)
      (effects (font (size 1 1) (thickness 0.15)))
    )
    (fp_text value CAT24C32 (at 0 3.5) (layer F.Fab)
      (effects (font (size 1 1) (thickness 0.15)))
    )
    (fp_text user %R (at 0 0) (layer F.Fab)
      (effects (font (size 1 1) (thickness 0.15)))
    )
    (fp_line (start -0.95 -2.45) (end 1.95 -2.45) (layer F.Fab) (width 0.1))
    (fp_line (start 1.95 -2.45) (end 1.95 2.45) (layer F.Fab) (width 0.1))
    (fp_line (start 1.95 2.45) (end -1.95 2.45) (layer F.Fab) (width 0.1))
    (fp_line (start -1.95 2.45) (end -1.95 -1.45) (layer F.Fab) (width 0.1))
    (fp_line (start -1.95 -1.45) (end -0.95 -2.45) (layer F.Fab) (width 0.1))
    (fp_line (start -3.73 -2.7) (end -3.73 2.7) (layer F.CrtYd) (width 0.05))
    (fp_line (start 3.73 -2.7) (end 3.73 2.7) (layer F.CrtYd) (width 0.05))
    (fp_line (start -3.73 -2.7) (end 3.73 -2.7) (layer F.CrtYd) (width 0.05))
    (fp_line (start -3.73 2.7) (end 3.73 2.7) (layer F.CrtYd) (width 0.05))
    (fp_line (start -2.075 -2.575) (end -2.075 -2.525) (layer F.SilkS) (width 0.15))
    (fp_line (start 2.075 -2.575) (end 2.075 -2.43) (layer F.SilkS) (width 0.15))
    (fp_line (start 2.075 2.575) (end 2.075 2.43) (layer F.SilkS) (width 0.15))
    (fp_line (start -2.075 2.575) (end -2.075 2.43) (layer F.SilkS) (width 0.15))
    (fp_line (start -2.075 -2.575) (end 2.075 -2.575) (layer F.SilkS) (width 0.15))
    (fp_line (start -2.075 2.575) (end 2.075 2.575) (layer F.SilkS) (width 0.15))
    (fp_line (start -2.075 -2.525) (end -3.475 -2.525) (layer F.SilkS) (width 0.15))
    (pad 1 smd rect (at -2.7 -1.905) (size 1.55 0.6) (layers F.Cu F.Paste F.Mask)
      (net 8 GND))
    (pad 2 smd rect (at -2.7 -0.635) (size 1.55 0.6) (layers F.Cu F.Paste F.Mask)
      (net 8 GND))
    (pad 3 smd rect (at -2.7 0.635) (size 1.55 0.6) (layers F.Cu F.Paste F.Mask)
      (net 8 GND))
    (pad 4 smd rect (at -2.7 1.905) (size 1.55 0.6) (layers F.Cu F.Paste F.Mask)
      (net 8 GND))
    (pad 5 smd rect (at 2.7 1.905) (size 1.55 0.6) (layers F.Cu F.Paste F.Mask)
      (net 27 IDSDA))
    (pad 6 smd rect (at 2.7 0.635) (size 1.55 0.6) (layers F.Cu F.Paste F.Mask)
      (net 28 IDSCL))
    (pad 7 smd rect (at 2.7 -0.635) (size 1.55 0.6) (layers F.Cu F.Paste F.Mask)
      (net 29 "Net-(K1-Pad2)"))
    (pad 8 smd rect (at 2.7 -1.905) (size 1.55 0.6) (layers F.Cu F.Paste F.Mask)
      (net 20 +3.3V))
    (model ${KISYS3DMOD}/Package_SO.3dshapes/SOIC-8_3.9x4.9mm_P1.27mm.wrl
      (at (xyz 0 0 0))
      (scale (xyz 1 1 1))
      (rotate (xyz 0 0 0))
    )
  )

  (module Resistor_SMD:R_1206_3216Metric_Pad1.42x1.75mm_HandSolder (layer F.Cu) (tedit 5B301BBD) (tstamp 5C0CDE8A)
    (at 152.00884 90.57226 270)
    (descr "Resistor SMD 1206 (3216 Metric), square (rectangular) end terminal, IPC_7351 nominal with elongated pad for handsoldering. (Body size source: http://www.tortai-tech.com/upload/download/2011102023233369053.pdf), generated with kicad-footprint-generator")
    (tags "resistor handsolder")
    (path /5C52E1B6)
    (attr smd)
    (fp_text reference R22 (at 0 -1.82 270) (layer F.SilkS)
      (effects (font (size 1 1) (thickness 0.15)))
    )
    (fp_text value 191 (at 0 1.82 270) (layer F.Fab)
      (effects (font (size 1 1) (thickness 0.15)))
    )
    (fp_text user %R (at 0 0 270) (layer F.Fab)
      (effects (font (size 0.8 0.8) (thickness 0.12)))
    )
    (fp_line (start 2.45 1.12) (end -2.45 1.12) (layer F.CrtYd) (width 0.05))
    (fp_line (start 2.45 -1.12) (end 2.45 1.12) (layer F.CrtYd) (width 0.05))
    (fp_line (start -2.45 -1.12) (end 2.45 -1.12) (layer F.CrtYd) (width 0.05))
    (fp_line (start -2.45 1.12) (end -2.45 -1.12) (layer F.CrtYd) (width 0.05))
    (fp_line (start -0.602064 0.91) (end 0.602064 0.91) (layer F.SilkS) (width 0.12))
    (fp_line (start -0.602064 -0.91) (end 0.602064 -0.91) (layer F.SilkS) (width 0.12))
    (fp_line (start 1.6 0.8) (end -1.6 0.8) (layer F.Fab) (width 0.1))
    (fp_line (start 1.6 -0.8) (end 1.6 0.8) (layer F.Fab) (width 0.1))
    (fp_line (start -1.6 -0.8) (end 1.6 -0.8) (layer F.Fab) (width 0.1))
    (fp_line (start -1.6 0.8) (end -1.6 -0.8) (layer F.Fab) (width 0.1))
    (pad 2 smd roundrect (at 1.4875 0 270) (size 1.425 1.75) (layers F.Cu F.Paste F.Mask) (roundrect_rratio 0.175439)
      (net 37 "Net-(P1-Pad11)"))
    (pad 1 smd roundrect (at -1.4875 0 270) (size 1.425 1.75) (layers F.Cu F.Paste F.Mask) (roundrect_rratio 0.175439)
      (net 66 "Net-(R22-Pad1)"))
    (model ${KISYS3DMOD}/Resistor_SMD.3dshapes/R_1206_3216Metric.wrl
      (at (xyz 0 0 0))
      (scale (xyz 1 1 1))
      (rotate (xyz 0 0 0))
    )
  )

  (module Resistor_SMD:R_1206_3216Metric_Pad1.42x1.75mm_HandSolder (layer F.Cu) (tedit 5B301BBD) (tstamp 5C0CDE79)
    (at 152.00884 95.884548 270)
    (descr "Resistor SMD 1206 (3216 Metric), square (rectangular) end terminal, IPC_7351 nominal with elongated pad for handsoldering. (Body size source: http://www.tortai-tech.com/upload/download/2011102023233369053.pdf), generated with kicad-footprint-generator")
    (tags "resistor handsolder")
    (path /5C52E90A)
    (attr smd)
    (fp_text reference R23 (at 0 -1.82 270) (layer F.SilkS)
      (effects (font (size 1 1) (thickness 0.15)))
    )
    (fp_text value 191 (at 0 1.82 270) (layer F.Fab)
      (effects (font (size 1 1) (thickness 0.15)))
    )
    (fp_line (start -1.6 0.8) (end -1.6 -0.8) (layer F.Fab) (width 0.1))
    (fp_line (start -1.6 -0.8) (end 1.6 -0.8) (layer F.Fab) (width 0.1))
    (fp_line (start 1.6 -0.8) (end 1.6 0.8) (layer F.Fab) (width 0.1))
    (fp_line (start 1.6 0.8) (end -1.6 0.8) (layer F.Fab) (width 0.1))
    (fp_line (start -0.602064 -0.91) (end 0.602064 -0.91) (layer F.SilkS) (width 0.12))
    (fp_line (start -0.602064 0.91) (end 0.602064 0.91) (layer F.SilkS) (width 0.12))
    (fp_line (start -2.45 1.12) (end -2.45 -1.12) (layer F.CrtYd) (width 0.05))
    (fp_line (start -2.45 -1.12) (end 2.45 -1.12) (layer F.CrtYd) (width 0.05))
    (fp_line (start 2.45 -1.12) (end 2.45 1.12) (layer F.CrtYd) (width 0.05))
    (fp_line (start 2.45 1.12) (end -2.45 1.12) (layer F.CrtYd) (width 0.05))
    (fp_text user %R (at 0 0 270) (layer F.Fab)
      (effects (font (size 0.8 0.8) (thickness 0.12)))
    )
    (pad 1 smd roundrect (at -1.4875 0 270) (size 1.425 1.75) (layers F.Cu F.Paste F.Mask) (roundrect_rratio 0.175439)
      (net 65 "Net-(R23-Pad1)"))
    (pad 2 smd roundrect (at 1.4875 0 270) (size 1.425 1.75) (layers F.Cu F.Paste F.Mask) (roundrect_rratio 0.175439)
      (net 36 "Net-(P1-Pad9)"))
    (model ${KISYS3DMOD}/Resistor_SMD.3dshapes/R_1206_3216Metric.wrl
      (at (xyz 0 0 0))
      (scale (xyz 1 1 1))
      (rotate (xyz 0 0 0))
    )
  )

  (module Resistor_SMD:R_1206_3216Metric_Pad1.42x1.75mm_HandSolder (layer F.Cu) (tedit 5B301BBD) (tstamp 5C0CDE68)
    (at 152.00884 101.196836 270)
    (descr "Resistor SMD 1206 (3216 Metric), square (rectangular) end terminal, IPC_7351 nominal with elongated pad for handsoldering. (Body size source: http://www.tortai-tech.com/upload/download/2011102023233369053.pdf), generated with kicad-footprint-generator")
    (tags "resistor handsolder")
    (path /5C52E9A6)
    (attr smd)
    (fp_text reference R24 (at 0 -1.82 270) (layer F.SilkS)
      (effects (font (size 1 1) (thickness 0.15)))
    )
    (fp_text value 191 (at 0 1.82 270) (layer F.Fab)
      (effects (font (size 1 1) (thickness 0.15)))
    )
    (fp_text user %R (at 0 0 270) (layer F.Fab)
      (effects (font (size 0.8 0.8) (thickness 0.12)))
    )
    (fp_line (start 2.45 1.12) (end -2.45 1.12) (layer F.CrtYd) (width 0.05))
    (fp_line (start 2.45 -1.12) (end 2.45 1.12) (layer F.CrtYd) (width 0.05))
    (fp_line (start -2.45 -1.12) (end 2.45 -1.12) (layer F.CrtYd) (width 0.05))
    (fp_line (start -2.45 1.12) (end -2.45 -1.12) (layer F.CrtYd) (width 0.05))
    (fp_line (start -0.602064 0.91) (end 0.602064 0.91) (layer F.SilkS) (width 0.12))
    (fp_line (start -0.602064 -0.91) (end 0.602064 -0.91) (layer F.SilkS) (width 0.12))
    (fp_line (start 1.6 0.8) (end -1.6 0.8) (layer F.Fab) (width 0.1))
    (fp_line (start 1.6 -0.8) (end 1.6 0.8) (layer F.Fab) (width 0.1))
    (fp_line (start -1.6 -0.8) (end 1.6 -0.8) (layer F.Fab) (width 0.1))
    (fp_line (start -1.6 0.8) (end -1.6 -0.8) (layer F.Fab) (width 0.1))
    (pad 2 smd roundrect (at 1.4875 0 270) (size 1.425 1.75) (layers F.Cu F.Paste F.Mask) (roundrect_rratio 0.175439)
      (net 35 "Net-(P1-Pad7)"))
    (pad 1 smd roundrect (at -1.4875 0 270) (size 1.425 1.75) (layers F.Cu F.Paste F.Mask) (roundrect_rratio 0.175439)
      (net 64 "Net-(R24-Pad1)"))
    (model ${KISYS3DMOD}/Resistor_SMD.3dshapes/R_1206_3216Metric.wrl
      (at (xyz 0 0 0))
      (scale (xyz 1 1 1))
      (rotate (xyz 0 0 0))
    )
  )

  (module Resistor_SMD:R_1206_3216Metric_Pad1.42x1.75mm_HandSolder (layer F.Cu) (tedit 5B301BBD) (tstamp 5C0CDE57)
    (at 152.00884 106.509124 270)
    (descr "Resistor SMD 1206 (3216 Metric), square (rectangular) end terminal, IPC_7351 nominal with elongated pad for handsoldering. (Body size source: http://www.tortai-tech.com/upload/download/2011102023233369053.pdf), generated with kicad-footprint-generator")
    (tags "resistor handsolder")
    (path /5C52EA30)
    (attr smd)
    (fp_text reference R25 (at 0 -1.82 270) (layer F.SilkS)
      (effects (font (size 1 1) (thickness 0.15)))
    )
    (fp_text value 191 (at 0 1.82 270) (layer F.Fab)
      (effects (font (size 1 1) (thickness 0.15)))
    )
    (fp_line (start -1.6 0.8) (end -1.6 -0.8) (layer F.Fab) (width 0.1))
    (fp_line (start -1.6 -0.8) (end 1.6 -0.8) (layer F.Fab) (width 0.1))
    (fp_line (start 1.6 -0.8) (end 1.6 0.8) (layer F.Fab) (width 0.1))
    (fp_line (start 1.6 0.8) (end -1.6 0.8) (layer F.Fab) (width 0.1))
    (fp_line (start -0.602064 -0.91) (end 0.602064 -0.91) (layer F.SilkS) (width 0.12))
    (fp_line (start -0.602064 0.91) (end 0.602064 0.91) (layer F.SilkS) (width 0.12))
    (fp_line (start -2.45 1.12) (end -2.45 -1.12) (layer F.CrtYd) (width 0.05))
    (fp_line (start -2.45 -1.12) (end 2.45 -1.12) (layer F.CrtYd) (width 0.05))
    (fp_line (start 2.45 -1.12) (end 2.45 1.12) (layer F.CrtYd) (width 0.05))
    (fp_line (start 2.45 1.12) (end -2.45 1.12) (layer F.CrtYd) (width 0.05))
    (fp_text user %R (at 0 0 270) (layer F.Fab)
      (effects (font (size 0.8 0.8) (thickness 0.12)))
    )
    (pad 1 smd roundrect (at -1.4875 0 270) (size 1.425 1.75) (layers F.Cu F.Paste F.Mask) (roundrect_rratio 0.175439)
      (net 63 "Net-(R25-Pad1)"))
    (pad 2 smd roundrect (at 1.4875 0 270) (size 1.425 1.75) (layers F.Cu F.Paste F.Mask) (roundrect_rratio 0.175439)
      (net 34 "Net-(P1-Pad5)"))
    (model ${KISYS3DMOD}/Resistor_SMD.3dshapes/R_1206_3216Metric.wrl
      (at (xyz 0 0 0))
      (scale (xyz 1 1 1))
      (rotate (xyz 0 0 0))
    )
  )

  (module Resistor_SMD:R_1206_3216Metric_Pad1.42x1.75mm_HandSolder (layer F.Cu) (tedit 5B301BBD) (tstamp 5C0CDE46)
    (at 152.00884 111.821412 270)
    (descr "Resistor SMD 1206 (3216 Metric), square (rectangular) end terminal, IPC_7351 nominal with elongated pad for handsoldering. (Body size source: http://www.tortai-tech.com/upload/download/2011102023233369053.pdf), generated with kicad-footprint-generator")
    (tags "resistor handsolder")
    (path /5C52EABE)
    (attr smd)
    (fp_text reference R26 (at 0 -1.82 270) (layer F.SilkS)
      (effects (font (size 1 1) (thickness 0.15)))
    )
    (fp_text value 191 (at 0 1.82 270) (layer F.Fab)
      (effects (font (size 1 1) (thickness 0.15)))
    )
    (fp_text user %R (at 0 0 270) (layer F.Fab)
      (effects (font (size 0.8 0.8) (thickness 0.12)))
    )
    (fp_line (start 2.45 1.12) (end -2.45 1.12) (layer F.CrtYd) (width 0.05))
    (fp_line (start 2.45 -1.12) (end 2.45 1.12) (layer F.CrtYd) (width 0.05))
    (fp_line (start -2.45 -1.12) (end 2.45 -1.12) (layer F.CrtYd) (width 0.05))
    (fp_line (start -2.45 1.12) (end -2.45 -1.12) (layer F.CrtYd) (width 0.05))
    (fp_line (start -0.602064 0.91) (end 0.602064 0.91) (layer F.SilkS) (width 0.12))
    (fp_line (start -0.602064 -0.91) (end 0.602064 -0.91) (layer F.SilkS) (width 0.12))
    (fp_line (start 1.6 0.8) (end -1.6 0.8) (layer F.Fab) (width 0.1))
    (fp_line (start 1.6 -0.8) (end 1.6 0.8) (layer F.Fab) (width 0.1))
    (fp_line (start -1.6 -0.8) (end 1.6 -0.8) (layer F.Fab) (width 0.1))
    (fp_line (start -1.6 0.8) (end -1.6 -0.8) (layer F.Fab) (width 0.1))
    (pad 2 smd roundrect (at 1.4875 0 270) (size 1.425 1.75) (layers F.Cu F.Paste F.Mask) (roundrect_rratio 0.175439)
      (net 33 "Net-(P1-Pad3)"))
    (pad 1 smd roundrect (at -1.4875 0 270) (size 1.425 1.75) (layers F.Cu F.Paste F.Mask) (roundrect_rratio 0.175439)
      (net 62 "Net-(R26-Pad1)"))
    (model ${KISYS3DMOD}/Resistor_SMD.3dshapes/R_1206_3216Metric.wrl
      (at (xyz 0 0 0))
      (scale (xyz 1 1 1))
      (rotate (xyz 0 0 0))
    )
  )

  (module Resistor_SMD:R_1206_3216Metric_Pad1.42x1.75mm_HandSolder (layer F.Cu) (tedit 5B301BBD) (tstamp 5C0CDE35)
    (at 152.00884 117.1337 270)
    (descr "Resistor SMD 1206 (3216 Metric), square (rectangular) end terminal, IPC_7351 nominal with elongated pad for handsoldering. (Body size source: http://www.tortai-tech.com/upload/download/2011102023233369053.pdf), generated with kicad-footprint-generator")
    (tags "resistor handsolder")
    (path /5C52EB4E)
    (attr smd)
    (fp_text reference R27 (at 0 -1.82 270) (layer F.SilkS)
      (effects (font (size 1 1) (thickness 0.15)))
    )
    (fp_text value 191 (at 0 1.82 270) (layer F.Fab)
      (effects (font (size 1 1) (thickness 0.15)))
    )
    (fp_line (start -1.6 0.8) (end -1.6 -0.8) (layer F.Fab) (width 0.1))
    (fp_line (start -1.6 -0.8) (end 1.6 -0.8) (layer F.Fab) (width 0.1))
    (fp_line (start 1.6 -0.8) (end 1.6 0.8) (layer F.Fab) (width 0.1))
    (fp_line (start 1.6 0.8) (end -1.6 0.8) (layer F.Fab) (width 0.1))
    (fp_line (start -0.602064 -0.91) (end 0.602064 -0.91) (layer F.SilkS) (width 0.12))
    (fp_line (start -0.602064 0.91) (end 0.602064 0.91) (layer F.SilkS) (width 0.12))
    (fp_line (start -2.45 1.12) (end -2.45 -1.12) (layer F.CrtYd) (width 0.05))
    (fp_line (start -2.45 -1.12) (end 2.45 -1.12) (layer F.CrtYd) (width 0.05))
    (fp_line (start 2.45 -1.12) (end 2.45 1.12) (layer F.CrtYd) (width 0.05))
    (fp_line (start 2.45 1.12) (end -2.45 1.12) (layer F.CrtYd) (width 0.05))
    (fp_text user %R (at 0 0 270) (layer F.Fab)
      (effects (font (size 0.8 0.8) (thickness 0.12)))
    )
    (pad 1 smd roundrect (at -1.4875 0 270) (size 1.425 1.75) (layers F.Cu F.Paste F.Mask) (roundrect_rratio 0.175439)
      (net 61 "Net-(R27-Pad1)"))
    (pad 2 smd roundrect (at 1.4875 0 270) (size 1.425 1.75) (layers F.Cu F.Paste F.Mask) (roundrect_rratio 0.175439)
      (net 32 "Net-(P1-Pad1)"))
    (model ${KISYS3DMOD}/Resistor_SMD.3dshapes/R_1206_3216Metric.wrl
      (at (xyz 0 0 0))
      (scale (xyz 1 1 1))
      (rotate (xyz 0 0 0))
    )
  )

  (module Capacitor_SMD:C_0805_2012Metric_Pad1.15x1.40mm_HandSolder (layer F.Cu) (tedit 5B36C52B) (tstamp 5C0CC9E3)
    (at 121.5898 94.12732 270)
    (descr "Capacitor SMD 0805 (2012 Metric), square (rectangular) end terminal, IPC_7351 nominal with elongated pad for handsoldering. (Body size source: https://docs.google.com/spreadsheets/d/1BsfQQcO9C6DZCsRaXUlFlo91Tg2WpOkGARC1WS5S8t0/edit?usp=sharing), generated with kicad-footprint-generator")
    (tags "capacitor handsolder")
    (path /5AAA956B)
    (attr smd)
    (fp_text reference C1 (at 0.08128 1.63068 270) (layer F.SilkS)
      (effects (font (size 1 1) (thickness 0.15)))
    )
    (fp_text value 1uF (at 0 1.65 270) (layer F.Fab)
      (effects (font (size 1 1) (thickness 0.15)))
    )
    (fp_text user %R (at 0 0 270) (layer F.Fab)
      (effects (font (size 0.5 0.5) (thickness 0.08)))
    )
    (fp_line (start 1.85 0.95) (end -1.85 0.95) (layer F.CrtYd) (width 0.05))
    (fp_line (start 1.85 -0.95) (end 1.85 0.95) (layer F.CrtYd) (width 0.05))
    (fp_line (start -1.85 -0.95) (end 1.85 -0.95) (layer F.CrtYd) (width 0.05))
    (fp_line (start -1.85 0.95) (end -1.85 -0.95) (layer F.CrtYd) (width 0.05))
    (fp_line (start -0.261252 0.71) (end 0.261252 0.71) (layer F.SilkS) (width 0.12))
    (fp_line (start -0.261252 -0.71) (end 0.261252 -0.71) (layer F.SilkS) (width 0.12))
    (fp_line (start 1 0.6) (end -1 0.6) (layer F.Fab) (width 0.1))
    (fp_line (start 1 -0.6) (end 1 0.6) (layer F.Fab) (width 0.1))
    (fp_line (start -1 -0.6) (end 1 -0.6) (layer F.Fab) (width 0.1))
    (fp_line (start -1 0.6) (end -1 -0.6) (layer F.Fab) (width 0.1))
    (pad 2 smd roundrect (at 1.025 0 270) (size 1.15 1.4) (layers F.Cu F.Paste F.Mask) (roundrect_rratio 0.217391)
      (net 8 GND))
    (pad 1 smd roundrect (at -1.025 0 270) (size 1.15 1.4) (layers F.Cu F.Paste F.Mask) (roundrect_rratio 0.217391)
      (net 7 "Net-(C1-Pad1)"))
    (model ${KISYS3DMOD}/Capacitor_SMD.3dshapes/C_0805_2012Metric.wrl
      (at (xyz 0 0 0))
      (scale (xyz 1 1 1))
      (rotate (xyz 0 0 0))
    )
  )

  (module Capacitor_SMD:C_0805_2012Metric_Pad1.15x1.40mm_HandSolder (layer F.Cu) (tedit 5B36C52B) (tstamp 5C0CC9D3)
    (at 121.5898 98.32456 270)
    (descr "Capacitor SMD 0805 (2012 Metric), square (rectangular) end terminal, IPC_7351 nominal with elongated pad for handsoldering. (Body size source: https://docs.google.com/spreadsheets/d/1BsfQQcO9C6DZCsRaXUlFlo91Tg2WpOkGARC1WS5S8t0/edit?usp=sharing), generated with kicad-footprint-generator")
    (tags "capacitor handsolder")
    (path /5AAA8BA1)
    (attr smd)
    (fp_text reference C2 (at 0.23368 1.61544 270) (layer F.SilkS)
      (effects (font (size 1 1) (thickness 0.15)))
    )
    (fp_text value 1uF (at 0 1.65 270) (layer F.Fab)
      (effects (font (size 1 1) (thickness 0.15)))
    )
    (fp_line (start -1 0.6) (end -1 -0.6) (layer F.Fab) (width 0.1))
    (fp_line (start -1 -0.6) (end 1 -0.6) (layer F.Fab) (width 0.1))
    (fp_line (start 1 -0.6) (end 1 0.6) (layer F.Fab) (width 0.1))
    (fp_line (start 1 0.6) (end -1 0.6) (layer F.Fab) (width 0.1))
    (fp_line (start -0.261252 -0.71) (end 0.261252 -0.71) (layer F.SilkS) (width 0.12))
    (fp_line (start -0.261252 0.71) (end 0.261252 0.71) (layer F.SilkS) (width 0.12))
    (fp_line (start -1.85 0.95) (end -1.85 -0.95) (layer F.CrtYd) (width 0.05))
    (fp_line (start -1.85 -0.95) (end 1.85 -0.95) (layer F.CrtYd) (width 0.05))
    (fp_line (start 1.85 -0.95) (end 1.85 0.95) (layer F.CrtYd) (width 0.05))
    (fp_line (start 1.85 0.95) (end -1.85 0.95) (layer F.CrtYd) (width 0.05))
    (fp_text user %R (at 0 0 270) (layer F.Fab)
      (effects (font (size 0.5 0.5) (thickness 0.08)))
    )
    (pad 1 smd roundrect (at -1.025 0 270) (size 1.15 1.4) (layers F.Cu F.Paste F.Mask) (roundrect_rratio 0.217391)
      (net 9 "Net-(C2-Pad1)"))
    (pad 2 smd roundrect (at 1.025 0 270) (size 1.15 1.4) (layers F.Cu F.Paste F.Mask) (roundrect_rratio 0.217391)
      (net 8 GND))
    (model ${KISYS3DMOD}/Capacitor_SMD.3dshapes/C_0805_2012Metric.wrl
      (at (xyz 0 0 0))
      (scale (xyz 1 1 1))
      (rotate (xyz 0 0 0))
    )
  )

  (module Capacitor_SMD:C_0805_2012Metric_Pad1.15x1.40mm_HandSolder (layer F.Cu) (tedit 5B36C52B) (tstamp 5C0CC9C3)
    (at 121.5898 102.34284 270)
    (descr "Capacitor SMD 0805 (2012 Metric), square (rectangular) end terminal, IPC_7351 nominal with elongated pad for handsoldering. (Body size source: https://docs.google.com/spreadsheets/d/1BsfQQcO9C6DZCsRaXUlFlo91Tg2WpOkGARC1WS5S8t0/edit?usp=sharing), generated with kicad-footprint-generator")
    (tags "capacitor handsolder")
    (path /5AAA8BF2)
    (attr smd)
    (fp_text reference C3 (at -0.09144 1.68148 270) (layer F.SilkS)
      (effects (font (size 1 1) (thickness 0.15)))
    )
    (fp_text value 1uF (at 0 1.65 270) (layer F.Fab)
      (effects (font (size 1 1) (thickness 0.15)))
    )
    (fp_text user %R (at 0 0 270) (layer F.Fab)
      (effects (font (size 0.5 0.5) (thickness 0.08)))
    )
    (fp_line (start 1.85 0.95) (end -1.85 0.95) (layer F.CrtYd) (width 0.05))
    (fp_line (start 1.85 -0.95) (end 1.85 0.95) (layer F.CrtYd) (width 0.05))
    (fp_line (start -1.85 -0.95) (end 1.85 -0.95) (layer F.CrtYd) (width 0.05))
    (fp_line (start -1.85 0.95) (end -1.85 -0.95) (layer F.CrtYd) (width 0.05))
